36
40
14 3 14 3 14 3 14 3
14 3 14 3 14 3 14 3
0 0 0 0 0 0 0 0
50
14 3 14 3 14 3 14 3
14 3 14 3 14 3 14 3
0 0 0 0 0 0 0 0
60
14 3 14 3 14 3 14 3
14 3 14 3 14 3 14 3
0 0 0 0 0 0 0 0
70
14 3 14 3 14 3 14 3
14 3 14 3 14 3 14 3
0 0 0 0 0 0 0 0
80
14 3 14 3 14 3 14 3
14 3 14 3 14 3 14 3
0 0 0 0 0 0 0 0
90
14 3 14 3 14 3 14 3
14 3 14 3 14 3 14 3
0 0 0 0 0 0 0 0
100
14 3 14 3 14 3 14 3
14 3 14 3 14 3 14 3
0 0 0 0 0 0 0 0
110
14 3 14 3 14 3 14 3
14 3 14 3 14 3 14 3
0 0 0 0 0 0 0 0
120
14 3 14 3 14 3 14 3
14 3 14 3 14 3 14 3
0 0 0 0 0 0 0 0
130
14 3 14 3 14 3 14 3
14 3 14 3 14 3 14 3
0 0 0 0 0 0 0 0
140
14 3 14 3 14 3 14 3
14 3 14 3 14 3 14 3
0 0 0 0 0 0 0 0
150
14 3 14 3 14 3 14 3
14 3 14 3 14 3 14 3
0 0 0 0 0 0 0 0