36
40
3 6 12 6 3 6 12 6
3 6 12 6 3 6 12 6
0 0 0 0 0 0 0 0
50
3 6 12 6 3 6 12 6
3 6 12 6 3 6 12 6
0 0 0 0 0 0 0 0
60
3 6 12 6 3 6 12 6
3 6 12 6 3 6 12 6
0 0 0 0 0 0 0 0
70
3 6 12 6 3 6 12 6
3 6 12 6 3 6 12 6
0 0 0 0 0 0 0 0
80
3 6 12 6 3 6 12 6
3 6 12 6 3 6 12 6
0 0 0 0 0 0 0 0
90
3 6 12 6 3 6 12 6
3 6 12 6 3 6 12 6
0 0 0 0 0 0 0 0
100
3 6 12 6 3 6 12 6
3 6 12 6 3 6 12 6
0 0 0 0 0 0 0 0
110
3 6 12 6 3 6 12 6
3 6 12 6 3 6 12 6
0 0 0 0 0 0 0 0
120
3 6 12 6 3 6 12 6
3 6 12 6 3 6 12 6
0 0 0 0 0 0 0 0
130
3 6 12 6 3 6 12 6
3 6 12 6 3 6 12 6
0 0 0 0 0 0 0 0
140
3 6 12 6 3 6 12 6
3 6 12 6 3 6 12 6
0 0 0 0 0 0 0 0
150
3 6 12 6 3 6 12 6
3 6 12 6 3 6 12 6
0 0 0 0 0 0 0 0