24
60
9 5 3 5 9 5 3 5
9 5 3 5 9 5 3 5
0 0 0 0 0 0 0 0
70
9 5 3 5 9 5 3 5
9 5 3 5 9 5 3 5
0 0 0 0 0 0 0 0
80
9 5 3 5 9 5 3 5
9 5 3 5 9 5 3 5
0 0 0 0 0 0 0 0
90
9 5 3 5 9 5 3 5
9 5 3 5 9 5 3 5
0 0 0 0 0 0 0 0
100
9 5 3 5 9 5 3 5
9 5 3 5 9 5 3 5
0 0 0 0 0 0 0 0
110
9 5 3 5 9 5 3 5
9 5 3 5 9 5 3 5
0 0 0 0 0 0 0 0
120
9 5 3 5 9 5 3 5
9 5 3 5 9 5 3 5
0 0 0 0 0 0 0 0
130
9 5 3 5 9 5 3 5
9 5 3 5 9 5 3 5
0 0 0 0 0 0 0 0
140
9 5 3 5 9 5 3 5
9 5 3 5 9 5 3 5
0 0 0 0 0 0 0 0
150
9 5 3 5 9 5 3 5
9 5 3 5 9 5 3 5
0 0 0 0 0 0 0 0
160
9 5 3 5 9 5 3 5
9 5 3 5 9 5 3 5
0 0 0 0 0 0 0 0
170
9 5 3 5 9 5 3 5
9 5 3 5 9 5 3 5
0 0 0 0 0 0 0 0