36
60
8 8 8 0 1 1 1 0
4 4 4 0 2 2 2 0
0 0 0 0 0 0 0 0
70
8 8 8 0 1 1 1 0
4 4 4 0 2 2 2 0
0 0 0 0 0 0 0 0
80
8 8 8 0 1 1 1 0
4 4 4 0 2 2 2 0
0 0 0 0 0 0 0 0
90
8 8 8 0 1 1 1 0
4 4 4 0 2 2 2 0
0 0 0 0 0 0 0 0
100
8 8 8 0 1 1 1 0
4 4 4 0 2 2 2 0
0 0 0 0 0 0 0 0
110
8 8 8 0 1 1 1 0
4 4 4 0 2 2 2 0
0 0 0 0 0 0 0 0
120
8 8 8 0 1 1 1 0
4 4 4 0 2 2 2 0
0 0 0 0 0 0 0 0
130
8 8 8 0 1 1 1 0
4 4 4 0 2 2 2 0
0 0 0 0 0 0 0 0
140
8 8 8 0 1 1 1 0
4 4 4 0 2 2 2 0
0 0 0 0 0 0 0 0
150
8 8 8 0 1 1 1 0
4 4 4 0 2 2 2 0
0 0 0 0 0 0 0 0
160
8 8 8 0 1 1 1 0
4 4 4 0 2 2 2 0
0 0 0 0 0 0 0 0
170
8 8 8 0 1 1 1 0
4 4 4 0 2 2 2 0
0 0 0 0 0 0 0 0