36
80
8 6 8 6 8 6 8 6
8 6 8 6 8 6 8 6
0 0 0 0 0 0 0 0
90
8 6 8 6 8 6 8 6
8 6 8 6 8 6 8 6
0 0 0 0 0 0 0 0
100
8 6 8 6 8 6 8 6
8 6 8 6 8 6 8 6
0 0 0 0 0 0 0 0
110
8 6 8 6 8 6 8 6
8 6 8 6 8 6 8 6
0 0 0 0 0 0 0 0
120
8 6 8 6 8 6 8 6
8 6 8 6 8 6 8 6
0 0 0 0 0 0 0 0
130
8 6 8 6 8 6 8 6
8 6 8 6 8 6 8 6
0 0 0 0 0 0 0 0
140
8 6 8 6 8 6 8 6
8 6 8 6 8 6 8 6
0 0 0 0 0 0 0 0
150
8 6 8 6 8 6 8 6
8 6 8 6 8 6 8 6
0 0 0 0 0 0 0 0
160
8 6 8 6 8 6 8 6
8 6 8 6 8 6 8 6
0 0 0 0 0 0 0 0
170
8 6 8 6 8 6 8 6
8 6 8 6 8 6 8 6
0 0 0 0 0 0 0 0
180
8 6 8 6 8 6 8 6
8 6 8 6 8 6 8 6
0 0 0 0 0 0 0 0
190
8 6 8 6 8 6 8 6
8 6 8 6 8 6 8 6
0 0 0 0 0 0 0 0