36
40
3 2 1 3 1 2 3 2
1 3 1 2 3 2 1 3
0 0 0 0 0 0 0 0
50
3 2 1 3 1 2 3 2
1 3 1 2 3 2 1 3
0 0 0 0 0 0 0 0
60
3 2 1 3 1 2 3 2
1 3 1 2 3 2 1 3
0 0 0 0 0 0 0 0
70
3 2 1 3 1 2 3 2
1 3 1 2 3 2 1 3
0 0 0 0 0 0 0 0
80
3 2 1 3 1 2 3 2
1 3 1 2 3 2 1 3
0 0 0 0 0 0 0 0
90
3 2 1 3 1 2 3 2
1 3 1 2 3 2 1 3
0 0 0 0 0 0 0 0
100
3 2 1 3 1 2 3 2
1 3 1 2 3 2 1 3
0 0 0 0 0 0 0 0
110
3 2 1 3 1 2 3 2
1 3 1 2 3 2 1 3
0 0 0 0 0 0 0 0
120
3 2 1 3 1 2 3 2
1 3 1 2 3 2 1 3
0 0 0 0 0 0 0 0
130
3 2 1 3 1 2 3 2
1 3 1 2 3 2 1 3
0 0 0 0 0 0 0 0
140
3 2 1 3 1 2 3 2
1 3 1 2 3 2 1 3
0 0 0 0 0 0 0 0
150
3 2 1 3 1 2 3 2
1 3 1 2 3 2 1 3
0 0 0 0 0 0 0 0