36
80
1 2 4 2 1 2 4 2
1 2 4 2 1 2 4 2
0 0 0 0 0 0 0 0
90
1 2 4 2 1 2 4 2
1 2 4 2 1 2 4 2
0 0 0 0 0 0 0 0
100
1 2 4 2 1 2 4 2
1 2 4 2 1 2 4 2
0 0 0 0 0 0 0 0
110
1 2 4 2 1 2 4 2
1 2 4 2 1 2 4 2
0 0 0 0 0 0 0 0
120
1 2 4 2 1 2 4 2
1 2 4 2 1 2 4 2
0 0 0 0 0 0 0 0
130
1 2 4 2 1 2 4 2
1 2 4 2 1 2 4 2
0 0 0 0 0 0 0 0
140
1 2 4 2 1 2 4 2
1 2 4 2 1 2 4 2
0 0 0 0 0 0 0 0
150
1 2 4 2 1 2 4 2
1 2 4 2 1 2 4 2
0 0 0 0 0 0 0 0
160
1 2 4 2 1 2 4 2
1 2 4 2 1 2 4 2
0 0 0 0 0 0 0 0
170
1 2 4 2 1 2 4 2
1 2 4 2 1 2 4 2
0 0 0 0 0 0 0 0
180
1 2 4 2 1 2 4 2
1 2 4 2 1 2 4 2
0 0 0 0 0 0 0 0
190
1 2 4 2 1 2 4 2
1 2 4 2 1 2 4 2
0 0 0 0 0 0 0 0