36
80
12 2 4 2 12 2 4 2
12 2 4 2 12 2 4 2
0 0 0 0 0 0 0 0
100
12 2 4 2 12 2 4 2
12 2 4 2 12 2 4 2
0 0 0 0 0 0 0 0
120
12 2 4 2 12 2 4 2
12 2 4 2 12 2 4 2
0 0 0 0 0 0 0 0
140
12 2 4 2 12 2 4 2
12 2 4 2 12 2 4 2
0 0 0 0 0 0 0 0
160
12 2 4 2 12 2 4 2
12 2 4 2 12 2 4 2
0 0 0 0 0 0 0 0
180
12 2 4 2 12 2 4 2
12 2 4 2 12 2 4 2
0 0 0 0 0 0 0 0
200
12 2 4 2 12 2 4 2
12 2 4 2 12 2 4 2
0 0 0 0 0 0 0 0
220
12 2 4 2 12 2 4 2
12 2 4 2 12 2 4 2
0 0 0 0 0 0 0 0
240
12 2 4 2 12 2 4 2
12 2 4 2 12 2 4 2
0 0 0 0 0 0 0 0
260
12 2 4 2 12 2 4 2
12 2 4 2 12 2 4 2
0 0 0 0 0 0 0 0
280
12 2 4 2 12 2 4 2
12 2 4 2 12 2 4 2
0 0 0 0 0 0 0 0
300
12 2 4 2 12 2 4 2
12 2 4 2 12 2 4 2
0 0 0 0 0 0 0 0