36
60
9 10 12 10 9 10 12 10
9 10 12 10 9 10 12 10
0 0 0 0 0 0 0 0
70
9 10 12 10 9 10 12 10
9 10 12 10 9 10 12 10
0 0 0 0 0 0 0 0
80
9 10 12 10 9 10 12 10
9 10 12 10 9 10 12 10
0 0 0 0 0 0 0 0
90
9 10 12 10 9 10 12 10
9 10 12 10 9 10 12 10
0 0 0 0 0 0 0 0
100
9 10 12 10 9 10 12 10
9 10 12 10 9 10 12 10
0 0 0 0 0 0 0 0
110
9 10 12 10 9 10 12 10
9 10 12 10 9 10 12 10
0 0 0 0 0 0 0 0
120
9 10 12 10 9 10 12 10
9 10 12 10 9 10 12 10
0 0 0 0 0 0 0 0
130
9 10 12 10 9 10 12 10
9 10 12 10 9 10 12 10
0 0 0 0 0 0 0 0
140
9 10 12 10 9 10 12 10
9 10 12 10 9 10 12 10
0 0 0 0 0 0 0 0
150
9 10 12 10 9 10 12 10
9 10 12 10 9 10 12 10
0 0 0 0 0 0 0 0
160
9 10 12 10 9 10 12 10
9 10 12 10 9 10 12 10
0 0 0 0 0 0 0 0
170
9 10 12 10 9 10 12 10
9 10 12 10 9 10 12 10
0 0 0 0 0 0 0 0