36
80
9 4 9 4 9 4 9 4
9 4 9 4 9 4 9 4
0 0 0 0 0 0 0 0
90
9 4 9 4 9 4 9 4
9 4 9 4 9 4 9 4
0 0 0 0 0 0 0 0
100
9 4 9 4 9 4 9 4
9 4 9 4 9 4 9 4
0 0 0 0 0 0 0 0
110
9 4 9 4 9 4 9 4
9 4 9 4 9 4 9 4
0 0 0 0 0 0 0 0
120
9 4 9 4 9 4 9 4
9 4 9 4 9 4 9 4
0 0 0 0 0 0 0 0
130
9 4 9 4 9 4 9 4
9 4 9 4 9 4 9 4
0 0 0 0 0 0 0 0
140
9 4 9 4 9 4 9 4
9 4 9 4 9 4 9 4
0 0 0 0 0 0 0 0
150
9 4 9 4 9 4 9 4
9 4 9 4 9 4 9 4
0 0 0 0 0 0 0 0
160
9 4 9 4 9 4 9 4
9 4 9 4 9 4 9 4
0 0 0 0 0 0 0 0
170
9 4 9 4 9 4 9 4
9 4 9 4 9 4 9 4
0 0 0 0 0 0 0 0
180
9 4 9 4 9 4 9 4
9 4 9 4 9 4 9 4
0 0 0 0 0 0 0 0
190
9 4 9 4 9 4 9 4
9 4 9 4 9 4 9 4
0 0 0 0 0 0 0 0