36
80
8 5 8 5 8 5 8 5
8 5 8 5 8 5 8 5
0 0 0 0 0 0 0 0
90
8 5 8 5 8 5 8 5
8 5 8 5 8 5 8 5
0 0 0 0 0 0 0 0
100
8 5 8 5 8 5 8 5
8 5 8 5 8 5 8 5
0 0 0 0 0 0 0 0
110
8 5 8 5 8 5 8 5
8 5 8 5 8 5 8 5
0 0 0 0 0 0 0 0
120
8 5 8 5 8 5 8 5
8 5 8 5 8 5 8 5
0 0 0 0 0 0 0 0
130
8 5 8 5 8 5 8 5
8 5 8 5 8 5 8 5
0 0 0 0 0 0 0 0
140
8 5 8 5 8 5 8 5
8 5 8 5 8 5 8 5
0 0 0 0 0 0 0 0
150
8 5 8 5 8 5 8 5
8 5 8 5 8 5 8 5
0 0 0 0 0 0 0 0
160
8 5 8 5 8 5 8 5
8 5 8 5 8 5 8 5
0 0 0 0 0 0 0 0
170
8 5 8 5 8 5 8 5
8 5 8 5 8 5 8 5
0 0 0 0 0 0 0 0
180
8 5 8 5 8 5 8 5
8 5 8 5 8 5 8 5
0 0 0 0 0 0 0 0
190
8 5 8 5 8 5 8 5
8 5 8 5 8 5 8 5
0 0 0 0 0 0 0 0