36
80
8 4 2 4 8 4 2 4
8 4 2 4 8 4 2 4
0 0 0 0 0 0 0 0
90
8 4 2 4 8 4 2 4
8 4 2 4 8 4 2 4
0 0 0 0 0 0 0 0
100
8 4 2 4 8 4 2 4
8 4 2 4 8 4 2 4
0 0 0 0 0 0 0 0
110
8 4 2 4 8 4 2 4
8 4 2 4 8 4 2 4
0 0 0 0 0 0 0 0
120
8 4 2 4 8 4 2 4
8 4 2 4 8 4 2 4
0 0 0 0 0 0 0 0
130
8 4 2 4 8 4 2 4
8 4 2 4 8 4 2 4
0 0 0 0 0 0 0 0
140
8 4 2 4 8 4 2 4
8 4 2 4 8 4 2 4
0 0 0 0 0 0 0 0
150
8 4 2 4 8 4 2 4
8 4 2 4 8 4 2 4
0 0 0 0 0 0 0 0
160
8 4 2 4 8 4 2 4
8 4 2 4 8 4 2 4
0 0 0 0 0 0 0 0
170
8 4 2 4 8 4 2 4
8 4 2 4 8 4 2 4
0 0 0 0 0 0 0 0
180
8 4 2 4 8 4 2 4
8 4 2 4 8 4 2 4
0 0 0 0 0 0 0 0
190
8 4 2 4 8 4 2 4
8 4 2 4 8 4 2 4
0 0 0 0 0 0 0 0