36
80
3 4 2 4 3 4 2 4
3 4 2 4 3 4 2 4
0 0 0 0 0 0 0 0
100
3 4 2 4 3 4 2 4
3 4 2 4 3 4 2 4
0 0 0 0 0 0 0 0
120
3 4 2 4 3 4 2 4
3 4 2 4 3 4 2 4
0 0 0 0 0 0 0 0
140
3 4 2 4 3 4 2 4
3 4 2 4 3 4 2 4
0 0 0 0 0 0 0 0
160
3 4 2 4 3 4 2 4
3 4 2 4 3 4 2 4
0 0 0 0 0 0 0 0
180
3 4 2 4 3 4 2 4
3 4 2 4 3 4 2 4
0 0 0 0 0 0 0 0
200
3 4 2 4 3 4 2 4
3 4 2 4 3 4 2 4
0 0 0 0 0 0 0 0
220
3 4 2 4 3 4 2 4
3 4 2 4 3 4 2 4
0 0 0 0 0 0 0 0
240
3 4 2 4 3 4 2 4
3 4 2 4 3 4 2 4
0 0 0 0 0 0 0 0
260
3 4 2 4 3 4 2 4
3 4 2 4 3 4 2 4
0 0 0 0 0 0 0 0
280
3 4 2 4 3 4 2 4
3 4 2 4 3 4 2 4
0 0 0 0 0 0 0 0
300
3 4 2 4 3 4 2 4
3 4 2 4 3 4 2 4
0 0 0 0 0 0 0 0