36
120
9 0 1 8 1 0 9 0
1 8 1 0 9 0 1 8
1 0 9 0 0 0 0 0
140
9 0 1 8 1 0 9 0
1 8 1 0 9 0 1 8
1 0 9 0 0 0 0 0
160
9 0 1 8 1 0 9 0
1 8 1 0 9 0 1 8
1 0 9 0 0 0 0 0
180
9 0 1 8 1 0 9 0
1 8 1 0 9 0 1 8
1 0 9 0 0 0 0 0
200
9 0 1 8 1 0 9 0
1 8 1 0 9 0 1 8
1 0 9 0 0 0 0 0
220
9 0 1 8 1 0 9 0
1 8 1 0 9 0 1 8
1 0 9 0 0 0 0 0
240
9 0 1 8 1 0 9 0
1 8 1 0 9 0 1 8
1 0 9 0 0 0 0 0
260
9 0 1 8 1 0 9 0
1 8 1 0 9 0 1 8
1 0 9 0 0 0 0 0
280
9 0 1 8 1 0 9 0
1 8 1 0 9 0 1 8
1 0 9 0 0 0 0 0
300
9 0 1 8 1 0 9 0
1 8 1 0 9 0 1 8
1 0 9 0 0 0 0 0
320
9 0 1 8 1 0 9 0
1 8 1 0 9 0 1 8
1 0 9 0 0 0 0 0
340
9 0 1 8 1 0 9 0
1 8 1 0 9 0 1 8
1 0 9 0 0 0 0 0