36
80
10 4 2 4 10 4 2 4
10 4 2 4 10 4 2 4
0 0 0 0 0 0 0 0
90
10 4 2 4 10 4 2 4
10 4 2 4 10 4 2 4
0 0 0 0 0 0 0 0
100
10 4 2 4 10 4 2 4
10 4 2 4 10 4 2 4
0 0 0 0 0 0 0 0
110
10 4 2 4 10 4 2 4
10 4 2 4 10 4 2 4
0 0 0 0 0 0 0 0
120
10 4 2 4 10 4 2 4
10 4 2 4 10 4 2 4
0 0 0 0 0 0 0 0
130
10 4 2 4 10 4 2 4
10 4 2 4 10 4 2 4
0 0 0 0 0 0 0 0
140
10 4 2 4 10 4 2 4
10 4 2 4 10 4 2 4
0 0 0 0 0 0 0 0
150
10 4 2 4 10 4 2 4
10 4 2 4 10 4 2 4
0 0 0 0 0 0 0 0
160
10 4 2 4 10 4 2 4
10 4 2 4 10 4 2 4
0 0 0 0 0 0 0 0
170
10 4 2 4 10 4 2 4
10 4 2 4 10 4 2 4
0 0 0 0 0 0 0 0
180
10 4 2 4 10 4 2 4
10 4 2 4 10 4 2 4
0 0 0 0 0 0 0 0
190
10 4 2 4 10 4 2 4
10 4 2 4 10 4 2 4
0 0 0 0 0 0 0 0