36
80
5 2 5 2 5 2 5 2
5 2 5 2 5 2 5 2
0 0 0 0 0 0 0 0
90
5 2 5 2 5 2 5 2
5 2 5 2 5 2 5 2
0 0 0 0 0 0 0 0
100
5 2 5 2 5 2 5 2
5 2 5 2 5 2 5 2
0 0 0 0 0 0 0 0
110
5 2 5 2 5 2 5 2
5 2 5 2 5 2 5 2
0 0 0 0 0 0 0 0
120
5 2 5 2 5 2 5 2
5 2 5 2 5 2 5 2
0 0 0 0 0 0 0 0
130
5 2 5 2 5 2 5 2
5 2 5 2 5 2 5 2
0 0 0 0 0 0 0 0
140
5 2 5 2 5 2 5 2
5 2 5 2 5 2 5 2
0 0 0 0 0 0 0 0
150
5 2 5 2 5 2 5 2
5 2 5 2 5 2 5 2
0 0 0 0 0 0 0 0
160
5 2 5 2 5 2 5 2
5 2 5 2 5 2 5 2
0 0 0 0 0 0 0 0
170
5 2 5 2 5 2 5 2
5 2 5 2 5 2 5 2
0 0 0 0 0 0 0 0
180
5 2 5 2 5 2 5 2
5 2 5 2 5 2 5 2
0 0 0 0 0 0 0 0
190
5 2 5 2 5 2 5 2
5 2 5 2 5 2 5 2
0 0 0 0 0 0 0 0