36
40
7 12 7 12 7 12 7 12
7 12 7 12 7 12 7 12
0 0 0 0 0 0 0 0
50
7 12 7 12 7 12 7 12
7 12 7 12 7 12 7 12
0 0 0 0 0 0 0 0
60
7 12 7 12 7 12 7 12
7 12 7 12 7 12 7 12
0 0 0 0 0 0 0 0
70
7 12 7 12 7 12 7 12
7 12 7 12 7 12 7 12
0 0 0 0 0 0 0 0
80
7 12 7 12 7 12 7 12
7 12 7 12 7 12 7 12
0 0 0 0 0 0 0 0
90
7 12 7 12 7 12 7 12
7 12 7 12 7 12 7 12
0 0 0 0 0 0 0 0
100
7 12 7 12 7 12 7 12
7 12 7 12 7 12 7 12
0 0 0 0 0 0 0 0
110
7 12 7 12 7 12 7 12
7 12 7 12 7 12 7 12
0 0 0 0 0 0 0 0
120
7 12 7 12 7 12 7 12
7 12 7 12 7 12 7 12
0 0 0 0 0 0 0 0
130
7 12 7 12 7 12 7 12
7 12 7 12 7 12 7 12
0 0 0 0 0 0 0 0
140
7 12 7 12 7 12 7 12
7 12 7 12 7 12 7 12
0 0 0 0 0 0 0 0
150
7 12 7 12 7 12 7 12
7 12 7 12 7 12 7 12
0 0 0 0 0 0 0 0