64
120
1 2 12 0 0 0 0 0
0 0 0 0 0 0 0 0
8 4 3 0 0 0 0 0
0 0 0 0 0 0 0 0
2 4 9 0 0 0 0 0
0 0 0 0 0 0 0 0
4 2 9 0 0 0 0 0
0 0 0 0 0 0 0 0
140
1 2 12 0 0 0 0 0
0 0 0 0 0 0 0 0
8 4 3 0 0 0 0 0
0 0 0 0 0 0 0 0
2 4 9 0 0 0 0 0
0 0 0 0 0 0 0 0
4 2 9 0 0 0 0 0
0 0 0 0 0 0 0 0
160
1 2 12 0 0 0 0 0
0 0 0 0 0 0 0 0
8 4 3 0 0 0 0 0
0 0 0 0 0 0 0 0
2 4 9 0 0 0 0 0
0 0 0 0 0 0 0 0
4 2 9 0 0 0 0 0
0 0 0 0 0 0 0 0
180
1 2 12 0 0 0 0 0
0 0 0 0 0 0 0 0
8 4 3 0 0 0 0 0
0 0 0 0 0 0 0 0
2 4 9 0 0 0 0 0
0 0 0 0 0 0 0 0
4 2 9 0 0 0 0 0
0 0 0 0 0 0 0 0
200
1 2 12 0 0 0 0 0
0 0 0 0 0 0 0 0
8 4 3 0 0 0 0 0
0 0 0 0 0 0 0 0
2 4 9 0 0 0 0 0
0 0 0 0 0 0 0 0
4 2 9 0 0 0 0 0
0 0 0 0 0 0 0 0
220
1 2 12 0 0 0 0 0
0 0 0 0 0 0 0 0
8 4 3 0 0 0 0 0
0 0 0 0 0 0 0 0
2 4 9 0 0 0 0 0
0 0 0 0 0 0 0 0
4 2 9 0 0 0 0 0
0 0 0 0 0 0 0 0
240
1 2 12 0 0 0 0 0
0 0 0 0 0 0 0 0
8 4 3 0 0 0 0 0
0 0 0 0 0 0 0 0
2 4 9 0 0 0 0 0
0 0 0 0 0 0 0 0
4 2 9 0 0 0 0 0
0 0 0 0 0 0 0 0
260
1 2 12 0 0 0 0 0
0 0 0 0 0 0 0 0
8 4 3 0 0 0 0 0
0 0 0 0 0 0 0 0
2 4 9 0 0 0 0 0
0 0 0 0 0 0 0 0
4 2 9 0 0 0 0 0
0 0 0 0 0 0 0 0