36
80
1 6 1 6 1 6 1 6
1 6 1 6 1 6 1 6
0 0 0 0 0 0 0 0
90
1 6 1 6 1 6 1 6
1 6 1 6 1 6 1 6
0 0 0 0 0 0 0 0
100
1 6 1 6 1 6 1 6
1 6 1 6 1 6 1 6
0 0 0 0 0 0 0 0
110
1 6 1 6 1 6 1 6
1 6 1 6 1 6 1 6
0 0 0 0 0 0 0 0
120
1 6 1 6 1 6 1 6
1 6 1 6 1 6 1 6
0 0 0 0 0 0 0 0
130
1 6 1 6 1 6 1 6
1 6 1 6 1 6 1 6
0 0 0 0 0 0 0 0
140
1 6 1 6 1 6 1 6
1 6 1 6 1 6 1 6
0 0 0 0 0 0 0 0
150
1 6 1 6 1 6 1 6
1 6 1 6 1 6 1 6
0 0 0 0 0 0 0 0
160
1 6 1 6 1 6 1 6
1 6 1 6 1 6 1 6
0 0 0 0 0 0 0 0
170
1 6 1 6 1 6 1 6
1 6 1 6 1 6 1 6
0 0 0 0 0 0 0 0
180
1 6 1 6 1 6 1 6
1 6 1 6 1 6 1 6
0 0 0 0 0 0 0 0
190
1 6 1 6 1 6 1 6
1 6 1 6 1 6 1 6
0 0 0 0 0 0 0 0