36
40
12 4 8 12 8 4 12 4
8 12 8 4 12 4 8 12
0 0 0 0 0 0 0 0
50
12 4 8 12 8 4 12 4
8 12 8 4 12 4 8 12
0 0 0 0 0 0 0 0
60
12 4 8 12 8 4 12 4
8 12 8 4 12 4 8 12
0 0 0 0 0 0 0 0
70
12 4 8 12 8 4 12 4
8 12 8 4 12 4 8 12
0 0 0 0 0 0 0 0
80
12 4 8 12 8 4 12 4
8 12 8 4 12 4 8 12
0 0 0 0 0 0 0 0
90
12 4 8 12 8 4 12 4
8 12 8 4 12 4 8 12
0 0 0 0 0 0 0 0
100
12 4 8 12 8 4 12 4
8 12 8 4 12 4 8 12
0 0 0 0 0 0 0 0
110
12 4 8 12 8 4 12 4
8 12 8 4 12 4 8 12
0 0 0 0 0 0 0 0
120
12 4 8 12 8 4 12 4
8 12 8 4 12 4 8 12
0 0 0 0 0 0 0 0
130
12 4 8 12 8 4 12 4
8 12 8 4 12 4 8 12
0 0 0 0 0 0 0 0
140
12 4 8 12 8 4 12 4
8 12 8 4 12 4 8 12
0 0 0 0 0 0 0 0
150
12 4 8 12 8 4 12 4
8 12 8 4 12 4 8 12
0 0 0 0 0 0 0 0