3 0.4882362
4 0.4882362
2 0.5129094
1 0.5194224
2 0.8771944
3 0.8839282
4 0.8839282
1 0.8867716
3 3.032425
4 3 N
4 3.032425
4 3 3.636364 L
2 3.121248
2 3.090909 N
1 3.193259
1 3.181818 N
2 3.293241
2 3.272727 N
3 3.38288
4 3.363636 N
2 3.476258
2 3.454545 N
1 3.540998
1 3.545454 N
2 3.633335
2 3.636363 N
3 3.752258
4 3.727272 N
4 3.752258
4 3.727272 4.363636 L
2 3.850865
2 3.818181 N
1 3.929729
1 3.90909 N
2 4.021301
2 3.999999 N
3 4.111549
4 4.090908 N
2 4.210974
2 4.181817 N
1 4.293972
1 4.272726 N
2 4.385525
2 4.363635 N
3 4.454391
4 4.454544 N
4 4.459007
4 4.454544 5.090908 L
2 4.583838
2 4.545453 N
1 4.665468
1 4.636362 N
2 4.760445
2 4.727271 N
3 4.865123
4 4.81818 N
2 4.95256
2 4.909089 N
1 5.033097
1 4.999998 N
2 5.128821
2 5.090907 N
3 5.22044
4 5.181816 N
4 5.22044
4 5.181816 5.81818 L
2 5.299633
2 5.272725 N
1 5.378142
1 5.363634 N
2 5.478644
2 5.454543 N
3 5.592717
4 5.545452 N
2 5.671189
2 5.636361 N
1 5.760484
1 5.72727 N
2 5.83853
2 5.818179 N
3 8.823127
4 8.83853 N
4 8.827241
4 8.83853 9.456177 L
2 8.910612
2 8.926764 N
1 8.991856
1 9.014999 N
2 9.091989
2 9.103234 N
3 9.172257
4 9.191469 N
2 9.286271
2 9.279704 N
1 9.357339
1 9.367939 N
2 9.451879
2 9.456174 N
3 9.554456
4 9.544409 N
4 9.554456
4 9.544409 10.16206 L
2 9.650902
2 9.632644 N
1 9.742485
1 9.720879 N
2 9.839436
2 9.809114 N
3 9.937851
4 9.897348 N
2 10.02801
2 9.985583 N
1 10.10622
1 10.07382 N
2 10.19324
2 10.16205 N
4 10.2759
4 10.25029 10.86794 L
3 10.28148
4 10.25029 N
2 10.3806
2 10.33852 N
1 10.46455
1 10.42676 N
2 10.56453
2 10.51499 N
3 10.64832
4 10.60323 N
2 10.74311
2 10.69146 N
1 10.80956
1 10.7797 N
2 10.91049
2 10.86793 N
4 10.96782
4 10.95617 11.57381 L
3 10.97238
4 10.95617 N
2 11.08627
2 11.0444 N
1 11.16297
1 11.13264 N
2 11.26313
2 11.22087 N
3 11.35563
4 11.30911 N
2 11.43996
2 11.39734 N
1 11.50726
1 11.48558 N
2 11.58812
2 11.57381 N
3 14.58408
4 14.58812 N
4 14.58408
4 14.58812 15.18812 L
2 14.65808
2 14.67384 N
1 14.73241
1 14.75955 N
2 14.83009
2 14.84527 N
3 14.93322
4 14.93098 N
2 15.02118
2 15.0167 N
1 15.08838
1 15.10241 N
2 15.17925
2 15.18812 N
3 15.29051
4 15.27384 N
4 15.29051
4 15.27384 15.87384 L
2 15.37704
2 15.35955 N
1 15.46023
1 15.44527 N
2 15.55959
2 15.53098 N
3 15.63019
4 15.6167 N
2 15.74532
2 15.70241 N
1 15.81413
1 15.78813 N
2 15.92593
2 15.87384 N
3 15.99497
4 15.95955 N
4 15.99497
4 15.95955 16.55956 L
2 16.09661
2 16.04527 N
1 16.17012
1 16.13098 N
2 16.27678
2 16.2167 N
3 16.32489
4 16.30241 N
2 16.44362
2 16.38812 N
1 16.51373
1 16.47384 N
2 16.6209
2 16.55955 N
3 16.68179
4 16.64527 N
4 16.68179
4 16.64527 17.24527 L
2 16.77928
2 16.73098 N
1 16.84116
1 16.8167 N
2 16.94067
2 16.90241 N
3 17.01127
4 16.98812 N
2 17.11512
2 17.07384 N
1 17.17536
1 17.15955 N
2 17.26599
2 17.24527 N
3 20.25944
4 20.26599 N
4 20.25944
4 20.26599 20.84932 L
2 20.32624
2 20.34932 N
1 20.40676
1 20.43266 N
2 20.50681
2 20.51599 N
3 20.57603
4 20.59932 N
2 20.68137
2 20.68266 N
1 20.74911
1 20.76599 N
2 20.83905
2 20.84933 N
4 20.92351
4 20.93266 21.51599 L
3 20.928
4 20.93266 N
2 21.02942
2 21.01599 N
1 21.11166
1 21.09933 N
2 21.21186
2 21.18266 N
3 21.22973
4 21.266 N
2 21.38355
2 21.34933 N
1 21.45068
1 21.43266 N
2 21.54874
2 21.516 N
3 21.63916
4 21.59933 N
4 21.63916
4 21.59933 22.18266 L
2 21.73492
2 21.68266 N
1 21.81473
1 21.766 N
2 21.91506
2 21.84933 N
3 21.95647
4 21.93267 N
2 22.08386
2 22.016 N
1 22.15622
1 22.09933 N
2 22.25068
2 22.18267 N
3 22.28843
4 22.266 N
4 22.29346
4 22.266 22.84934 L
2 22.41509
2 22.34934 N
1 22.4661
1 22.43267 N
3 22.5394
4 22.59934 N
2 22.5697
2 22.516 N
3 22.71031
2 22.73718
2 22.68267 N
1 22.81568
1 22.76601 N
2 22.90099
2 22.84934 N
