1 0.4213786
2 0.5303658
3 0.5837469
4 0.6942577
1 0.858021
2 0.9232568
3 1.011421
4 1.095377
1 1.249214
2 1.308099
3 1.43382
4 1.535706
1 2.964132
1 3 N
2 3.328653
2 3.375 N
3 3.73801
4 3.75 N
4 4.139777
8 4.125 N
1 4.443945
1 4.5 N
2 4.854969
2 4.875 N
3 5.236018
4 5.25 N
4 5.613187
8 5.625 N
1 5.979809
1 6 N
2 6.392439
2 6.375 N
3 6.761535
4 6.75 N
4 7.10616
8 7.125 N
1 7.481997
1 7.5 N
2 7.840569
2 7.875 N
3 8.248616
4 8.25 N
4 8.613308
8 8.625 N
1 8.9884
1 9 N
2 9.374815
2 9.375 N
3 9.73262
4 9.75 N
4 10.12615
8 10.125 N
1 10.47049
1 10.5 N
2 10.84238
2 10.875 N
3 11.24111
4 11.25 N
4 11.61978
8 11.625 N
1 11.96588
1 12 N
2 12.36006
2 12.375 N
3 12.71392
4 12.75 N
4 13.11196
8 13.125 N
1 13.46927
1 13.5 N
2 13.86439
2 13.875 N
3 14.21201
4 14.25 N
4 14.60332
8 14.625 N
