4 1.003476
1 1.012889
3 1.027724
2 1.036306
1 2.965108
1 3 4.5 L
2 2.97332
2 3 N
3 3.411497
4 3.375 N
2 3.673144
2 3.75 N
3 4.092383
4 4.125 N
2 4.46755
2 4.5 N
4 4.46755
4 4.5 6 L
3 4.839508
4 4.875 N
2 5.195229
2 5.25 N
3 5.602096
4 5.625 N
1 5.957582
1 6 7.5 L
2 5.957582
2 6 N
3 6.387227
4 6.375 N
2 6.715292
2 6.75 N
3 7.126571
4 7.125 N
4 7.489475
4 7.5 9 L
2 7.499819
2 7.5 N
3 7.873527
4 7.875 N
2 8.26331
2 8.25 N
3 8.654363
4 8.625 N
1 9.028485
1 9 10.5 L
2 9.028485
2 9 N
3 9.386976
4 9.375 N
2 9.750558
2 9.75 N
3 10.1073
4 10.125 N
4 10.46336
4 10.5 12 L
2 10.48247
2 10.5 N
3 10.8619
4 10.875 N
2 11.2264
2 11.25 N
3 11.62555
4 11.625 N
1 11.97506
1 12 13.5 L
2 11.98181
2 12 N
3 12.35139
4 12.375 N
2 12.73394
2 12.75 N
