1 0.472943
4 0.5071638
3 0.5112782
2 0.5264626
3 0.8923653
4 0.8923653
1 0.9014363
2 0.9062766
1 2.989493
1 3 N
2 3.081268
2 3.083333 N
4 3.14496
8 3.166667 N
3 3.218642
4 3.25 N
1 3.317132
1 3.333333 N
2 3.411214
2 3.416666 N
4 3.485466
8 3.5 N
3 3.580668
4 3.583333 N
1 3.637385
1 3.666666 N
2 3.719186
2 3.749999 N
4 3.804008
8 3.833333 N
3 3.913809
4 3.916666 N
1 3.95459
1 3.999999 N
2 4.052195
2 4.083333 N
4 4.12796
8 4.166666 N
3 4.242132
4 4.25 N
1 4.292242
1 4.333333 N
2 4.376091
2 4.416667 N
4 4.466634
8 4.5 N
3 4.56913
4 4.583333 N
1 4.631589
1 4.666667 N
2 4.719519
2 4.75 N
4 4.80325
8 4.833334 N
3 4.93364
4 4.916667 N
1 4.974744
1 5.000001 N
2 5.058736
2 5.083334 N
4 5.160442
8 5.166668 N
3 5.273683
4 5.250001 N
1 5.313101
1 5.333335 N
2 5.389441
2 5.416668 N
4 5.486939
8 5.500002 N
3 5.583798
4 5.583335 N
