4 0.4883707
1 0.4958883
3 0.4958883
2 0.4988044
4 0.7955637
3 0.8251792
1 0.8512571
2 0.8512571
3 2.988705
4 3 N
4 2.994171
8 3 N
2 3.273743
2 3.272727 N
3 3.539403
4 3.545455 N
2 3.792531
2 3.818182 N
3 4.08927
4 4.090909 N
4 4.08927
8 4.090909 N
2 4.329886
2 4.363636 N
3 4.61105
4 4.636364 N
2 4.892552
2 4.909091 N
3 5.20393
4 5.181819 N
4 5.208342
8 5.181819 N
2 5.461982
2 5.454546 N
3 5.75882
4 5.727274 N
2 6.015692
2 6.000001 N
3 6.301692
4 6.272729 N
4 6.306588
8 6.272729 N
2 6.53804
2 6.545456 N
3 6.835355
4 6.818184 N
2 7.12943
2 7.090911 N
3 7.40839
4 7.363639 N
4 7.413732
8 7.363639 N
2 7.652747
2 7.636366 N
3 7.932549
4 7.909094 N
2 8.168694
2 8.181821 N
3 8.495679
4 8.454548 N
4 8.495679
8 8.454548 N
2 8.724479
2 8.727275 N
3 8.998172
4 9.000002 N
2 9.222871
2 9.272729 N
3 9.534829
4 9.545456 N
4 9.53927
8 9.545456 N
2 9.75701
2 9.818183 N
3 10.06667
4 10.09091 N
2 10.30899
2 10.36364 N
3 10.63775
4 10.63636 N
4 10.65072
8 10.63636 N
2 10.86427
2 10.90909 N
3 11.16453
4 11.18182 N
2 11.45112
2 11.45455 N
1 12.32579
2 12.55479
1 12.77136
2 12.9554
1 13.14186
1 13.44882
2 13.58859
1 13.717
4 14.47428
8 14.45112 N
3 14.48158
4 14.45112 N
2 14.69638
2 14.70112 N
3 14.94405
4 14.95112 N
2 15.16479
2 15.20112 N
3 15.42746
4 15.45112 N
4 15.42746
8 15.45112 N
2 15.67558
2 15.70112 N
3 15.9365
4 15.95112 N
2 16.16327
2 16.20112 N
3 16.44265
4 16.45112 N
4 16.45292
8 16.45112 N
2 16.68355
2 16.70112 N
3 16.94035
4 16.95112 N
2 17.1482
2 17.20112 N
3 17.4486
4 17.45112 N
4 17.45552
8 17.45112 N
2 17.6792
2 17.70112 N
3 17.94349
4 17.95112 N
2 18.16977
2 18.20112 N
3 18.44652
4 18.45112 N
4 18.45566
8 18.45112 N
2 18.68421
2 18.70112 N
3 18.93756
4 18.95112 N
2 19.18072
2 19.20112 N
3 19.43919
4 19.45112 N
4 19.44778
8 19.45112 N
2 19.69478
2 19.70112 N
3 19.94848
4 19.95112 N
2 20.20094
2 20.20112 N
3 20.44848
4 20.45112 N
4 20.45569
8 20.45112 N
2 20.69986
2 20.70112 N
3 20.94089
4 20.95112 N
2 21.18157
2 21.20112 N
3 21.43704
4 21.45112 N
4 21.43704
8 21.45112 N
2 21.72014
2 21.70112 N
3 22.00426
4 21.95112 N
2 22.23768
2 22.20112 N
