4 0.3999843
3 0.4939372
1 0.5116201
2 0.5116201
4 2.983269
4 3 4.5 L
8 3 N
3 3.315549
4 3.375 N
8 3.75 N
3 4.072887
4 4.125 N
1 4.446269
1 4.5 6 L
8 4.5 N
3 4.832517
4 4.875 N
4 5.290353
8 5.25 N
3 5.641224
4 5.625 N
4 5.977375
4 6 7.5 L
3 6.28484
4 6.375 N
8 6 N
8 6.75 N
3 7.107653
4 7.125 N
1 7.442996
1 7.5 9 L
8 7.5 N
3 7.818501
4 7.875 N
4 8.235958
8 8.25 N
3 8.642319
4 8.625 N
4 8.959469
4 9 10.5 L
3 9.297773
4 9.375 N
8 9 N
8 9.75 N
3 10.07005
4 10.125 N
1 10.48603
1 10.5 12 L
8 10.5 N
3 10.81403
4 10.875 N
