1 0.4130809
2 0.4453721
3 0.4736241
4 0.4818341
1 0.7007071
2 0.70557
4 0.7220297
3 0.7269199
1 0.9847167
4 1.008913
3 1.029205
2 1.03689
1 2.915902
1 3 N
1 3.036786
1 3.083333 N
1 3.134911
1 3.166667 N
1 3.237419
1 3.25 N
1 3.344223
1 3.333333 N
1 3.450935
1 3.416666 N
1 3.56177
1 3.5 N
1 3.672838
1 3.583333 N
1 6.546299
1 6.672838 N
1 6.634165
1 6.75503 N
1 6.726818
1 6.837222 N
1 6.824174
1 6.919414 N
1 6.935035
1 7.001606 N
1 7.050323
1 7.083798 N
1 7.161665
1 7.16599 N
1 7.258133
1 7.248182 N
1 10.16487
1 10.25813 N
1 10.24627
1 10.33921 N
1 10.33446
1 10.4203 N
1 10.43434
1 10.50138 N
1 10.54895
1 10.58246 N
1 10.6643
1 10.66354 N
1 10.78304
1 10.74462 N
1 10.87294
1 10.8257 N
1 13.77855
1 13.87294 N
1 13.86149
1 13.95294 N
1 13.9541
1 14.03294 N
1 14.05607
1 14.11294 N
1 14.16395
1 14.19294 N
1 14.27189
1 14.27294 N
1 14.38486
1 14.35294 N
1 14.49697
1 14.43294 N
1 14.9216
1 17.40598
1 17.49697 N
1 17.4981
1 17.57591 N
1 17.59186
1 17.65486 N
1 17.70113
1 17.73381 N
1 17.8077
1 17.81276 N
1 17.9194
1 17.8917 N
1 18.03094
1 17.97065 N
1 18.1351
1 18.0496 N
1 21.08
1 21.1351 N
1 21.16145
1 21.21302 N
1 21.25362
1 21.29095 N
1 21.35958
1 21.36887 N
1 21.46869
1 21.44679 N
1 21.58353
1 21.52471 N
1 21.6931
1 21.60264 N
1 21.80508
1 21.68056 N
