1 0.5379843
2 0.5455691
4 0.5455691
3 0.5622017
4 0.9298559
1 0.9364664
2 0.9364664
3 0.9364664
3 1.313958
4 1.322686
1 1.331594
2 1.331594
1 2.990323
1 3 N
4 2.990323
8 3 N
3 3.319832
4 3.333333 N
2 3.611474
2 3.666667 N
3 3.960821
4 4 N
1 4.278865
1 4.333333 N
4 4.286136
8 4.333333 N
2 4.610883
2 4.666667 N
3 4.960395
4 5 N
2 5.316993
2 5.333333 N
1 5.602726
1 5.666667 N
4 5.624487
8 5.666667 N
3 5.957424
4 6 N
2 6.281358
2 6.333334 N
3 6.636619
4 6.666667 N
1 6.962055
1 7.000001 N
4 6.970997
8 7.000001 N
2 7.284342
2 7.333334 N
3 7.628532
4 7.666668 N
2 8.006408
2 8.000001 N
1 8.273098
1 8.333334 N
4 8.315988
8 8.333334 N
3 8.642983
4 8.666667 N
2 8.976104
2 9 N
3 9.300541
4 9.333333 N
1 9.639802
1 9.666666 N
4 9.651067
8 9.666666 N
2 9.959242
2 9.999999 N
3 10.31456
4 10.33333 N
2 10.64221
2 10.66667 N
1 10.94745
1 11 N
4 10.96873
8 11 N
3 11.30233
4 11.33333 N
2 11.62535
2 11.66666 N
3 11.98508
4 12 N
1 12.29838
1 12.33333 N
4 12.3094
8 12.33333 N
2 12.6186
2 12.66666 N
3 12.97157
4 13 N
2 13.30004
2 13.33333 N
