1 0.4189751
4 0.4350252
2 0.4430318
3 0.4430318
3 0.7768511
4 0.7768511
1 0.7869529
2 0.8033952
1 3.001409
1 3 N
2 3.006451
2 3 N
3 3.126705
4 3.090909 N
2 3.207189
2 3.181818 N
3 3.31179
4 3.272727 N
2 3.381833
2 3.363636 N
1 3.39006
1 3.363636 N
3 3.49657
4 3.454545 N
2 3.560496
2 3.545454 N
3 3.674043
4 3.636363 N
2 3.726954
2 3.727272 N
1 3.760262
1 3.727272 N
3 3.857967
4 3.818181 N
2 3.95231
2 3.90909 N
3 4.047873
4 3.999999 N
2 4.132634
2 4.090908 N
1 4.152435
1 4.090908 N
3 4.253808
4 4.181817 N
2 4.313102
2 4.272726 N
3 4.416456
4 4.363635 N
1 6.776967
2 6.850494
3 6.924367
1 7.410664
1 7.416456 N
2 7.415062
2 7.416456 N
2 7.594026
2 7.592927 N
2 7.756844
2 7.769397 N
1 7.765744
1 7.769397 N
4 7.504691 N
2 7.933742
2 7.945868 N
4 7.681162 N
2 8.115673
2 8.122338 N
1 8.142925
1 8.122338 N
4 7.857633 N
1 8.300018
1 8.475278 N
2 8.304719
2 8.298808 N
4 8.034103 N
4 8.210573 N
3 8.666893
4 8.387043 N
1 8.702206
2 8.709364
2 8.475278 N
4 8.563513 N
2 8.651748 N
3 8.975494
4 8.739983 N
3 9.644761
1 9.667997
4 9.687352
2 9.69387
3 10.00224
1 11.94835
1 11.97549 N
2 11.95252
2 11.97549 N
3 12.06306
4 12.0664 N
2 12.13367
2 12.15731 N
3 12.23117
4 12.24822 N
2 12.29471
2 12.33913 N
1 12.30497
1 12.33913 N
3 12.41304
4 12.43004 N
2 12.48852
2 12.52095 N
1 12.49757
1 12.70277 N
3 12.585
4 12.61186 N
2 12.63837
2 12.70277 N
3 12.76357
4 12.79368 N
1 12.76779
1 13.0664 N
2 12.90714
2 12.88458 N
3 12.95108
4 12.97549 N
2 13.07808
2 13.0664 N
1 13.10297
3 13.13391
4 13.15731 N
2 13.23204
2 13.24822 N
3 13.31136
4 13.33913 N
2 13.43385
3 15.40584
1 16.28783
1 16.31136 N
2 16.29529
2 16.31136 N
3 16.39584
4 16.3996 N
2 16.47326
2 16.48783 N
3 16.57427
4 16.57607 N
1 16.64855
1 16.6643 N
2 16.64855
2 16.6643 N
3 16.76051
4 16.75254 N
2 16.81118
2 16.84077 N
3 16.93413
4 16.92901 N
2 16.97281
2 17.01725 N
1 16.99976
1 17.01725 N
3 17.10345
4 17.10548 N
2 17.16675
2 17.19372 N
3 17.27563
4 17.28195 N
2 17.32828
2 17.37019 N
1 17.35755
1 17.37019 N
3 17.46192
4 17.45843 N
2 17.53012
2 17.54666 N
3 17.63357
4 17.6349 N
