1 0.447621
2 0.4651856
3 0.4651856
4 0.4716997
4 0.7817361
1 0.7953064
3 0.7953064
2 0.7983955
2 2.985096
2 3 N
2 3.134055
2 3.103448 N
3 3.192312
4 3.206897 N
3 3.335525
4 3.310345 N
2 3.395592
2 3.413794 N
2 3.505931
2 3.517242 N
3 3.61578
4 3.62069 N
3 3.738497
4 3.724139 N
2 3.83662
2 3.827587 N
2 3.93814
2 3.931036 N
3 4.041812
4 4.034484 N
3 4.165179
4 4.137932 N
2 4.259766
2 4.241381 N
2 4.370084
2 4.344829 N
3 4.460504
4 4.448277 N
3 4.773472
4 4.551726 N
2 7.728473
2 7.773472 N
2 7.85078
2 7.875167 N
3 7.950767
4 7.976862 N
3 8.080734
4 8.078557 N
2 8.164734
2 8.180252 N
2 8.281241
2 8.281947 N
3 8.368286
4 8.383642 N
3 8.496913
4 8.485337 N
2 8.57788
2 8.587032 N
2 8.692978
2 8.688727 N
3 8.782159
4 8.790422 N
3 8.911151
4 8.892118 N
2 9.020698
2 8.993813 N
2 9.131355
2 9.095508 N
3 9.21122
4 9.197203 N
2 9.24124
3 9.338916
4 9.298898 N
2 12.31052
2 12.33892 N
2 12.42819
2 12.43892 N
3 12.49986
4 12.53892 N
3 12.6414
4 12.63892 N
2 12.70023
2 12.73892 N
2 12.81155
2 12.83892 N
2 12.89859
2 13.13892 N
3 12.91357
4 12.93892 N
2 13.1501
2 13.23892 N
2 13.2785
2 13.53892 N
4 13.03892 N
3 13.36523
4 13.33892 N
2 13.59639
2 13.63892 N
2 13.70109
4 13.43892 N
3 13.74932
4 13.73892 N
3 13.90421
4 13.83892 N
1 14.65139
2 14.7441
3 14.88374
4 15.02779
1 15.06497
2 15.11484
3 15.31904
4 15.43668
2 16.87055
2 16.90421 N
2 17.00133
2 17.0059 N
3 17.09881
4 17.10759 N
3 17.24423
4 17.20929 N
2 17.29582
2 17.31098 N
2 17.40333
2 17.41268 N
3 17.50494
4 17.51437 N
3 17.64209
4 17.61606 N
2 17.71933
2 17.71776 N
2 17.83255
2 17.81945 N
3 17.90636
4 17.92115 N
3 18.04718
4 18.02284 N
2 18.13506
2 18.12453 N
2 18.24312
2 18.22623 N
3 18.33143
4 18.32792 N
3 18.47512
4 18.42962 N
