1 0.549537
2 0.7413914
1 0.8882236
2 0.9950361
1 1.114922
2 1.238048
1 2.979945
1 3 N
2 3.154258
2 3.1875 N
1 3.330145
1 3.375 N
2 3.501738
2 3.5625 N
1 3.715966
1 3.75 N
2 3.905935
2 3.9375 N
1 4.108299
1 4.125 N
2 4.299984
2 4.3125 N
1 4.501698
1 4.5 N
2 4.649342
2 4.6875 N
1 4.85435
1 4.875 N
2 5.007361
2 5.0625 N
1 5.251399
1 5.25 N
2 5.434425
2 5.4375 N
1 5.636977
1 5.625 N
2 5.83847
2 5.8125 N
1 6.009317
1 6 N
2 6.17385
2 6.1875 N
1 6.381145
1 6.375 N
2 6.552744
2 6.5625 N
1 9.536042
1 9.552744 N
2 9.715502
2 9.734562 N
1 9.900451
1 9.91638 N
2 10.07082
2 10.0982 N
1 10.25746
1 10.28002 N
2 10.40273
2 10.46183 N
1 10.60415
1 10.64365 N
2 10.75955
2 10.82547 N
1 10.94615
1 11.00729 N
2 11.10596
2 11.18911 N
1 11.2911
1 11.37092 N
2 11.45066
2 11.55274 N
1 11.66439
1 11.73456 N
2 11.88631
2 11.91638 N
1 12.08317
1 12.0982 N
2 12.23351
2 12.28001 N
1 12.42268
1 12.46183 N
2 12.57044
2 12.64365 N
1 12.7515
1 12.82547 N
2 12.94457
2 13.00729 N
1 15.91525
1 15.94457 N
2 16.0943
2 16.12104 N
1 16.27249
1 16.29751 N
2 16.44325
2 16.47398 N
1 16.64193
1 16.65045 N
2 16.77747
2 16.82692 N
1 16.92402
1 17.00339 N
2 17.09093
2 17.17986 N
1 17.32255
1 17.35633 N
2 17.51931
2 17.5328 N
1 17.68868
1 17.70927 N
2 17.84908
2 17.88574 N
1 18.00183
1 18.06221 N
2 18.18179
2 18.23868 N
1 18.33716
1 18.41515 N
2 18.49693
2 18.59162 N
1 18.67461
1 18.76809 N
2 18.84051
2 18.94456 N
1 19.09898
1 19.12103 N
2 19.29558
2 19.2975 N
1 22.27776
1 22.29558 N
2 22.45913
2 22.46701 N
1 22.6288
1 22.63844 N
2 22.79671
2 22.80987 N
1 22.95123
1 22.9813 N
2 23.13325
2 23.15273 N
1 23.27512
1 23.32416 N
2 23.42686
2 23.49558 N
1 23.56506
1 23.66701 N
2 23.73177
2 23.83844 N
1 23.92114
1 24.00987 N
2 24.11961
2 24.1813 N
1 24.29626
1 24.35273 N
2 24.45047
2 24.52416 N
1 24.61767
1 24.69559 N
2 24.80036
2 24.86701 N
1 24.99182
1 25.03844 N
2 25.22278
2 25.20987 N
1 25.37019
1 25.3813 N
2 25.58695
2 25.55273 N
