1 0.6080387
3 0.6273527
2 0.6359923
4 0.6830713
3 1.140476
1 1.152418
4 1.219428
2 1.226583
1 2.988075
1 3 N
2 3.083842
2 3.078947 N
3 3.149712
4 3.157895 N
4 3.239206
8 3.236842 N
1 3.324055
1 3.315789 N
2 3.416184
2 3.394737 N
3 3.472319
4 3.473684 N
4 3.569273
8 3.552631 N
1 3.643697
1 3.631578 N
2 3.724522
2 3.710526 N
3 3.785162
4 3.789473 N
4 3.876475
8 3.86842 N
1 3.941648
1 3.947368 N
2 4.022704
2 4.026315 N
3 4.07743
4 4.105263 N
4 4.160221
8 4.18421 N
1 4.225826
1 4.263158 N
2 4.303801
2 4.342105 N
3 4.381835
4 4.421053 N
4 4.485277
8 4.5 N
1 4.552976
1 4.578948 N
2 4.636789
2 4.657896 N
3 4.698863
4 4.736843 N
4 4.785171
8 4.815791 N
1 4.846488
1 4.894738 N
2 4.922747
2 4.973686 N
3 4.982179
4 5.052633 N
4 5.063048
8 5.131581 N
1 5.130992
1 5.210528 N
2 5.201788
2 5.289476 N
3 5.278189
4 5.368423 N
4 5.374841
8 5.447371 N
1 8.328998
1 8.374841 N
2 8.40029
2 8.451764 N
3 8.471978
4 8.528687 N
4 8.558272
8 8.605611 N
1 8.631116
1 8.682534 N
2 8.713106
2 8.759458 N
3 8.767175
4 8.836381 N
4 8.855727
8 8.913304 N
1 8.917831
1 8.990228 N
2 8.993356
2 9.067151 N
3 9.058311
4 9.144074 N
4 9.163424
8 9.220998 N
1 9.218976
1 9.297921 N
2 9.301012
2 9.374845 N
3 9.36251
4 9.451768 N
4 9.454597
8 9.528691 N
1 9.514486
1 9.605615 N
2 9.595601
2 9.682538 N
3 9.663752
4 9.759461 N
4 9.761435
8 9.836385 N
1 9.81829
1 9.913308 N
2 9.920435
2 9.990232 N
3 9.987775
4 10.06715 N
4 10.10139
8 10.14408 N
1 10.1709
1 10.221 N
2 10.265
2 10.29792 N
3 10.32266
4 10.37485 N
4 10.40239
8 10.45177 N
1 10.49142
1 10.5287 N
2 10.58118
2 10.60562 N
3 10.61379
4 10.68254 N
4 10.71945
8 10.75947 N
1 13.68594
1 13.71945 N
2 13.7773
2 13.79445 N
3 13.80522
4 13.86945 N
4 13.90245
8 13.94445 N
1 13.98412
1 14.01945 N
2 14.07418
2 14.09445 N
3 14.12672
4 14.16945 N
4 14.21186
8 14.24444 N
1 14.29144
1 14.31944 N
2 14.36987
2 14.39444 N
3 14.4284
4 14.46944 N
4 14.52211
8 14.54444 N
1 14.61078
1 14.61944 N
2 14.67774
2 14.69444 N
3 14.74829
4 14.76944 N
4 14.82273
8 14.84444 N
1 14.90189
1 14.91944 N
2 14.97639
2 14.99444 N
3 15.02849
4 15.06944 N
4 15.12455
8 15.14444 N
1 15.19666
1 15.21944 N
2 15.27041
2 15.29444 N
3 15.32758
4 15.36944 N
4 15.41663
8 15.44444 N
1 15.48973
1 15.51944 N
2 15.56953
2 15.59444 N
3 15.62305
4 15.66944 N
4 15.71621
8 15.74444 N
1 15.78221
1 15.81944 N
2 15.8362
2 15.89444 N
3 15.91502
4 15.96944 N
4 16.00025
8 16.04444 N
1 18.96012
1 19.00025 N
2 19.04457
2 19.07342 N
3 19.10519
4 19.14659 N
4 19.19565
8 19.21976 N
1 19.26589
1 19.29293 N
2 19.35534
2 19.3661 N
3 19.40097
4 19.43928 N
4 19.49831
8 19.51245 N
1 19.56872
1 19.58562 N
2 19.63418
2 19.65879 N
3 19.69656
4 19.73196 N
4 19.78652
8 19.80513 N
1 19.86584
1 19.87831 N
2 19.93316
2 19.95148 N
3 20.00751
4 20.02465 N
4 20.09411
8 20.09782 N
1 20.16848
1 20.17099 N
2 20.22544
2 20.24416 N
3 20.29761
4 20.31734 N
4 20.37696
8 20.39051 N
1 20.43327
1 20.46368 N
2 20.49137
2 20.53685 N
3 20.56598
4 20.61002 N
4 20.6454
8 20.68319 N
1 20.69713
1 20.75636 N
2 20.77288
2 20.82954 N
3 20.83953
4 20.90271 N
4 20.92106
8 20.97588 N
1 20.96734
1 21.04905 N
2 21.04048
2 21.12222 N
3 21.124
4 21.19539 N
4 21.20832
8 21.26857 N
1 24.21272
1 24.20832 N
2 24.29652
2 24.27975 N
3 24.30768
4 24.35117 N
4 24.40659
8 24.4226 N
1 24.49889
1 24.49403 N
2 24.5592
2 24.56546 N
3 24.60137
4 24.63689 N
4 24.68749
8 24.70831 N
1 24.75779
1 24.77974 N
2 24.80718
2 24.85117 N
3 24.875
4 24.9226 N
4 24.96147
8 24.99403 N
1 25.01949
1 25.06546 N
2 25.07775
2 25.13688 N
3 25.15717
4 25.20831 N
4 25.2556
8 25.27974 N
1 25.29987
1 25.35117 N
2 25.34432
2 25.4226 N
3 25.44904
4 25.49403 N
4 25.5317
8 25.56545 N
1 25.56214
1 25.63688 N
2 25.62386
2 25.70831 N
3 25.70284
4 25.77974 N
4 25.79194
8 25.85117 N
1 25.81941
1 25.9226 N
2 25.86792
2 25.99402 N
3 25.96964
4 26.06545 N
4 26.07317
8 26.13688 N
1 26.09953
1 26.20831 N
2 26.17009
2 26.27974 N
3 26.26518
4 26.35117 N
4 26.34756
8 26.42259 N
1 29.32113
1 29.34756 N
2 29.40168
2 29.41733 N
3 29.43325
4 29.4871 N
4 29.52698
8 29.55686 N
1 29.58539
1 29.62663 N
2 29.65283
2 29.6964 N
3 29.72042
4 29.76616 N
4 29.81511
8 29.83593 N
1 29.84672
1 29.9057 N
2 29.90486
2 29.97547 N
3 29.99994
4 30.04523 N
4 30.09114
8 30.115 N
1 30.10641
1 30.18477 N
2 30.17318
2 30.25453 N
3 30.27833
4 30.3243 N
4 30.35528
8 30.39407 N
1 30.38402
1 30.46383 N
2 30.4446
2 30.5336 N
3 30.53969
4 30.60337 N
4 30.6275
8 30.67314 N
1 30.67512
1 30.7429 N
2 30.74281
2 30.81267 N
3 30.81321
4 30.88244 N
4 30.9135
8 30.9522 N
1 30.94856
1 31.02197 N
2 31.0418
2 31.09174 N
3 31.10372
4 31.1615 N
4 31.21224
8 31.23127 N
1 31.26579
1 31.30104 N
2 31.33939
2 31.37081 N
3 31.40106
4 31.44057 N
4 31.50047
8 31.51034 N
