1 0.6720064
3 0.6720064
2 0.734035
4 0.7425535
3 1.140227
1 1.155221
4 1.208079
2 1.23679
1 2.978601
1 3 N
2 3.175637
2 3.2 N
3 3.4
3 3.4 N
4 3.612202
4 3.6 N
1 3.807768
1 3.8 N
2 3.980785
2 4 N
3 4.162805
3 4.2 N
4 4.376596
4 4.4 N
1 7.362718
1 7.376596 N
2 7.586704
2 7.662311 N
3 7.874932
3 7.948025 N
4 8.159361
4 8.233739 N
1 8.525128
1 8.519453 N
2 8.788262
2 8.805167 N
3 9.108457
3 9.090881 N
4 9.339849
4 9.376595 N
1 10.19255
2 10.33065
3 10.35109
4 10.43361
1 12.33649
1 12.33985 N
2 12.58717
2 12.61258 N
3 12.90503
3 12.8853 N
4 13.15809
4 13.15803 N
1 13.41309
1 13.43076 N
2 13.66778
2 13.70348 N
3 13.96529
3 13.97621 N
4 14.20286
4 14.24894 N
1 17.19454
1 17.20286 N
2 17.44114
2 17.46373 N
3 17.75708
3 17.7246 N
4 18.01117
4 17.98547 N
1 18.23336
1 18.24634 N
2 18.4753
2 18.50721 N
3 18.74873
3 18.76808 N
4 18.96142
4 19.02895 N
